# Camera list with one line of data per camera:
#   CAMERA_ID, MODEL, WIDTH, HEIGHT, PARAMS[]
# Number of cameras: 173
1 SIMPLE_RADIAL 1920 1080 1001.2635300380737 960 540 0.0062910924293869824
2 SIMPLE_RADIAL 1920 1080 1001.2636393878241 960 540 0.0061351023047841223
3 SIMPLE_RADIAL 1920 1080 1001.6474361362431 960 540 0.00543874130409913
4 SIMPLE_RADIAL 1920 1080 1001.452488938809 960 540 0.0046394183863181521
5 SIMPLE_RADIAL 1920 1080 1000.8659395329851 960 540 0.0048461541083819398
6 SIMPLE_RADIAL 1920 1080 1001.0034888747111 960 540 0.0038409189585526375
7 SIMPLE_RADIAL 1920 1080 1000.6401083712232 960 540 0.0049228530527031297
8 SIMPLE_RADIAL 1920 1080 1000.9636428962989 960 540 0.0042736276028105986
9 SIMPLE_RADIAL 1920 1080 1001.2448805597729 960 540 0.0029703187817477815
10 SIMPLE_RADIAL 1920 1080 1001.0459727270323 960 540 0.0029023855895553008
11 SIMPLE_RADIAL 1920 1080 1000.6394687179836 960 540 0.0028113366276598241
12 SIMPLE_RADIAL 1920 1080 1000.6134570673635 960 540 0.0021143089160856757
13 SIMPLE_RADIAL 1920 1080 1000.5447792024648 960 540 0.0019830239520223303
14 SIMPLE_RADIAL 1920 1080 1000.734497654047 960 540 0.00082850737109910102
15 SIMPLE_RADIAL 1920 1080 1000.7507392769844 960 540 0.0005355948438147825
16 SIMPLE_RADIAL 1920 1080 1000.725452674114 960 540 -0.00021025500584888302
17 SIMPLE_RADIAL 1920 1080 1000.5560216286889 960 540 -0.00054221281127229677
18 SIMPLE_RADIAL 1920 1080 1000.8490629093599 960 540 -0.00079149092301122122
19 SIMPLE_RADIAL 1920 1080 1000.4165612667831 960 540 -0.00046314007311655113
20 SIMPLE_RADIAL 1920 1080 1000.1214618230103 960 540 -0.00054982309082387399
21 SIMPLE_RADIAL 1920 1080 1000.527385724257 960 540 -0.0022262950432731577
22 SIMPLE_RADIAL 1920 1080 1000.3098309408485 960 540 -0.0017980160997392097
23 SIMPLE_RADIAL 1920 1080 999.63003723288671 960 540 -0.0026306303394871555
24 SIMPLE_RADIAL 1920 1080 1000.4927651536653 960 540 -0.0018432094505594979
25 SIMPLE_RADIAL 1920 1080 1000.5792976122638 960 540 -0.0012122804097700085
26 SIMPLE_RADIAL 1920 1080 1000.4283918593736 960 540 -0.0017679750150028466
27 SIMPLE_RADIAL 1920 1080 1000.3253548712493 960 540 -0.0022710322412908051
28 SIMPLE_RADIAL 1920 1080 1000.4243849247185 960 540 -0.0023524002679863793
29 SIMPLE_RADIAL 1920 1080 1000.3114519837483 960 540 -0.0024753749796264171
30 SIMPLE_RADIAL 1920 1080 999.96824081458544 960 540 -0.0019844263797845212
31 SIMPLE_RADIAL 1920 1080 1000.3791914561639 960 540 -0.0014553496825793128
32 SIMPLE_RADIAL 1920 1080 1000.4649984626843 960 540 -0.0020268438661980581
33 SIMPLE_RADIAL 1920 1080 1000.6288511278862 960 540 -0.0025678530737727784
34 SIMPLE_RADIAL 1920 1080 1000.0487756956163 960 540 -0.002765532337084767
35 SIMPLE_RADIAL 1920 1080 1000.8373186624278 960 540 -0.0036413240240076952
36 SIMPLE_RADIAL 1920 1080 1000.671974605947 960 540 -0.0028138733232958534
37 SIMPLE_RADIAL 1920 1080 1000.6317678058746 960 540 -0.0026043480314030527
38 SIMPLE_RADIAL 1920 1080 1000.3537754453816 960 540 -0.0024514010464246083
39 SIMPLE_RADIAL 1920 1080 1000.0200716414133 960 540 -0.0024952403203723191
40 SIMPLE_RADIAL 1920 1080 999.53875857475373 960 540 -0.0026481336767394548
41 SIMPLE_RADIAL 1920 1080 999.85535130041683 960 540 -0.0026736262895604443
42 SIMPLE_RADIAL 1920 1080 999.95641577454955 960 540 -0.0032406451257880032
43 SIMPLE_RADIAL 1920 1080 999.96361039420822 960 540 -0.0038243149992246467
44 SIMPLE_RADIAL 1920 1080 1000.1329153251985 960 540 -0.0040655177930791729
45 SIMPLE_RADIAL 1920 1080 1000.0839009664035 960 540 -0.0048656521608086761
46 SIMPLE_RADIAL 1920 1080 999.43525161650723 960 540 -0.0055982469415828641
47 SIMPLE_RADIAL 1920 1080 999.54163167260026 960 540 -0.0041661810369231916
48 SIMPLE_RADIAL 1920 1080 999.13279668481903 960 540 -0.0037355431790106757
49 SIMPLE_RADIAL 1920 1080 998.83224519776024 960 540 -0.0037487084214219224
50 SIMPLE_RADIAL 1920 1080 998.98895840736793 960 540 -0.0034133271450393914
51 SIMPLE_RADIAL 1920 1080 999.25522287825083 960 540 -0.0031321417446224385
52 SIMPLE_RADIAL 1920 1080 998.99678135376632 960 540 -0.0040027943383508565
53 SIMPLE_RADIAL 1920 1080 998.97087531868317 960 540 -0.0047701545127465271
54 SIMPLE_RADIAL 1920 1080 998.91460735723729 960 540 -0.004698919279193769
55 SIMPLE_RADIAL 1920 1080 998.82735611550697 960 540 -0.0056671424187120633
56 SIMPLE_RADIAL 1920 1080 998.5245889176332 960 540 -0.0043939460133309172
57 SIMPLE_RADIAL 1920 1080 998.5749018703001 960 540 -0.0046317161162495553
58 SIMPLE_RADIAL 1920 1080 998.54582413287619 960 540 -0.0047251925623970114
59 SIMPLE_RADIAL 1920 1080 998.43738084518839 960 540 -0.0050359646685020432
60 SIMPLE_RADIAL 1920 1080 998.08465193283439 960 540 -0.0049771465225127848
61 SIMPLE_RADIAL 1920 1080 998.22686053774862 960 540 -0.0048718636244122317
62 SIMPLE_RADIAL 1920 1080 998.32564601901595 960 540 -0.004430032648073518
63 SIMPLE_RADIAL 1920 1080 998.58946511360091 960 540 -0.0043633284710670817
64 SIMPLE_RADIAL 1920 1080 998.67168090427731 960 540 -0.0042311763459721794
65 SIMPLE_RADIAL 1920 1080 998.32436168984066 960 540 -0.0034187036443183647
66 SIMPLE_RADIAL 1920 1080 998.41216206604838 960 540 -0.0040685294896963533
67 SIMPLE_RADIAL 1920 1080 998.57351398557239 960 540 -0.0044706416448667841
68 SIMPLE_RADIAL 1920 1080 998.71435190758086 960 540 -0.0047267985439210358
69 SIMPLE_RADIAL 1920 1080 998.44422272400755 960 540 -0.0045378824245771885
70 SIMPLE_RADIAL 1920 1080 998.24633141067034 960 540 -0.0039969922607262631
71 SIMPLE_RADIAL 1920 1080 998.28274844522161 960 540 -0.004247198259792119
72 SIMPLE_RADIAL 1920 1080 998.23592680910667 960 540 -0.0042499575770449226
73 SIMPLE_RADIAL 1920 1080 998.38074978209806 960 540 -0.0044637414994961079
74 SIMPLE_RADIAL 1920 1080 998.26006386355709 960 540 -0.0038023118931745448
75 SIMPLE_RADIAL 1920 1080 998.28066275798744 960 540 -0.0037986563033382318
76 SIMPLE_RADIAL 1920 1080 998.4147622242084 960 540 -0.0044040829006496947
77 SIMPLE_RADIAL 1920 1080 998.2059389531089 960 540 -0.0046829948428253141
78 SIMPLE_RADIAL 1920 1080 998.3871702088187 960 540 -0.0048637997206824116
79 SIMPLE_RADIAL 1920 1080 998.44537986028092 960 540 -0.0044608358795852777
80 SIMPLE_RADIAL 1920 1080 998.78956487611379 960 540 -0.0051664734080996916
81 SIMPLE_RADIAL 1920 1080 998.78951479917225 960 540 -0.0047723942646754102
82 SIMPLE_RADIAL 1920 1080 998.99654919155114 960 540 -0.0050668238981160562
83 SIMPLE_RADIAL 1920 1080 998.74499557203137 960 540 -0.0049584619928611327
84 SIMPLE_RADIAL 1920 1080 998.85219963963959 960 540 -0.0053898332490556096
85 SIMPLE_RADIAL 1920 1080 998.7645295124322 960 540 -0.005579079000087102
86 SIMPLE_RADIAL 1920 1080 998.88735983969195 960 540 -0.0052638059358433445
87 SIMPLE_RADIAL 1920 1080 999.13946554405493 960 540 -0.0059011506599410384
88 SIMPLE_RADIAL 1920 1080 999.28950242630242 960 540 -0.0058187445054764045
89 SIMPLE_RADIAL 1920 1080 999.63310367544352 960 540 -0.006599961666182614
90 SIMPLE_RADIAL 1920 1080 999.46446045366349 960 540 -0.0060971671796165765
91 SIMPLE_RADIAL 1920 1080 999.6611047985424 960 540 -0.0060041315229836072
92 SIMPLE_RADIAL 1920 1080 999.90375506791986 960 540 -0.0064504174058703772
93 SIMPLE_RADIAL 1920 1080 1000.0299405933397 960 540 -0.006594423174720831
94 SIMPLE_RADIAL 1920 1080 999.96686488723446 960 540 -0.006709156969203013
95 SIMPLE_RADIAL 1920 1080 999.85097446223938 960 540 -0.0066570718187254274
96 SIMPLE_RADIAL 1920 1080 999.9423652816763 960 540 -0.0072722756377198968
97 SIMPLE_RADIAL 1920 1080 999.59533202517855 960 540 -0.0069554747026020353
98 SIMPLE_RADIAL 1920 1080 999.66556020388896 960 540 -0.0071229983178130538
99 SIMPLE_RADIAL 1920 1080 999.69692786012047 960 540 -0.0071645015182075803
100 SIMPLE_RADIAL 1920 1080 999.66970774365836 960 540 -0.0072347609935868133
101 SIMPLE_RADIAL 1920 1080 999.38966639854334 960 540 -0.007142691290855355
102 SIMPLE_RADIAL 1920 1080 999.41302800795711 960 540 -0.0071564370128662912
103 SIMPLE_RADIAL 1920 1080 999.55768170512306 960 540 -0.007119265064787955
104 SIMPLE_RADIAL 1920 1080 999.48165832344387 960 540 -0.0069606493113593508
105 SIMPLE_RADIAL 1920 1080 999.28713055379046 960 540 -0.0071832607559789144
106 SIMPLE_RADIAL 1920 1080 999.33006631051478 960 540 -0.0073802313504204306
107 SIMPLE_RADIAL 1920 1080 998.85464384510362 960 540 -0.0072504870823536498
108 SIMPLE_RADIAL 1920 1080 998.61744965856235 960 540 -0.0072383329422406936
109 SIMPLE_RADIAL 1920 1080 998.652970106932 960 540 -0.00752369762124538
110 SIMPLE_RADIAL 1920 1080 998.59798379893459 960 540 -0.0074874052090398956
111 SIMPLE_RADIAL 1920 1080 998.56185247853216 960 540 -0.0076345268168291026
112 SIMPLE_RADIAL 1920 1080 998.38054743083603 960 540 -0.0084418196107431918
113 SIMPLE_RADIAL 1920 1080 998.0409978464445 960 540 -0.008820162517123387
114 SIMPLE_RADIAL 1920 1080 997.7425723248997 960 540 -0.0087193183473639729
115 SIMPLE_RADIAL 1920 1080 997.48565781685386 960 540 -0.0089510039744015012
116 SIMPLE_RADIAL 1920 1080 997.11199224534505 960 540 -0.0088906369294956666
117 SIMPLE_RADIAL 1920 1080 996.80408332863635 960 540 -0.0087072651550211058
118 SIMPLE_RADIAL 1920 1080 997.00523120920832 960 540 -0.0086291532795603736
119 SIMPLE_RADIAL 1920 1080 996.79216934744352 960 540 -0.0084911311024044589
120 SIMPLE_RADIAL 1920 1080 996.33942595126541 960 540 -0.0089220650653954493
121 SIMPLE_RADIAL 1920 1080 995.95902636561914 960 540 -0.0086166493562429749
122 SIMPLE_RADIAL 1920 1080 996.14060009676928 960 540 -0.0093425426439374976
123 SIMPLE_RADIAL 1920 1080 995.87609384575683 960 540 -0.0091970553966783802
124 SIMPLE_RADIAL 1920 1080 995.88469041014775 960 540 -0.010145611245419354
125 SIMPLE_RADIAL 1920 1080 995.33695301155024 960 540 -0.0094516603769742788
126 SIMPLE_RADIAL 1920 1080 994.9245254581931 960 540 -0.0093654847161241967
127 SIMPLE_RADIAL 1920 1080 994.78951248232227 960 540 -0.0092651618850583262
128 SIMPLE_RADIAL 1920 1080 994.52704102998985 960 540 -0.0099276277882109666
129 SIMPLE_RADIAL 1920 1080 994.33765262118379 960 540 -0.0094062816718776636
130 SIMPLE_RADIAL 1920 1080 994.02144448687636 960 540 -0.0094937484149220236
131 SIMPLE_RADIAL 1920 1080 993.78433357343579 960 540 -0.0097092026054776646
132 SIMPLE_RADIAL 1920 1080 993.46332957624338 960 540 -0.0095525428829286666
133 SIMPLE_RADIAL 1920 1080 993.31256490802309 960 540 -0.0097611611036087734
134 SIMPLE_RADIAL 1920 1080 992.9309608278395 960 540 -0.0099755960270541226
135 SIMPLE_RADIAL 1920 1080 992.5279094539402 960 540 -0.0099217945090570893
136 SIMPLE_RADIAL 1920 1080 992.02568111186065 960 540 -0.0095984392436836326
137 SIMPLE_RADIAL 1920 1080 991.65793672341181 960 540 -0.0096841988056858928
138 SIMPLE_RADIAL 1920 1080 991.3835092718474 960 540 -0.0093887725575716001
139 SIMPLE_RADIAL 1920 1080 990.84228340313325 960 540 -0.0092470350243365473
140 SIMPLE_RADIAL 1920 1080 990.80020202479375 960 540 -0.0090967123535679421
141 SIMPLE_RADIAL 1920 1080 990.49580362396819 960 540 -0.0090965589726712901
142 SIMPLE_RADIAL 1920 1080 990.33058033289774 960 540 -0.0093142887049536549
143 SIMPLE_RADIAL 1920 1080 989.99667977497222 960 540 -0.0092292392512745743
144 SIMPLE_RADIAL 1920 1080 990.1242396806017 960 540 -0.0093233252723444911
145 SIMPLE_RADIAL 1920 1080 989.65621413161375 960 540 -0.009637781005276019
146 SIMPLE_RADIAL 1920 1080 988.77301676711329 960 540 -0.0090994384895138371
147 SIMPLE_RADIAL 1920 1080 988.54681539496119 960 540 -0.0096406893876449153
148 SIMPLE_RADIAL 1920 1080 987.97306789187189 960 540 -0.0099576770788352212
149 SIMPLE_RADIAL 1920 1080 987.63553924548171 960 540 -0.010153298393859736
150 SIMPLE_RADIAL 1920 1080 987.07612146451095 960 540 -0.010484074321554277
151 SIMPLE_RADIAL 1920 1080 986.55773976461967 960 540 -0.010042524490617925
152 SIMPLE_RADIAL 1920 1080 986.38109048663773 960 540 -0.010359171890357104
153 SIMPLE_RADIAL 1920 1080 986.02216209525193 960 540 -0.010054402824318793
154 SIMPLE_RADIAL 1920 1080 985.20697734204759 960 540 -0.0097066625503141359
155 SIMPLE_RADIAL 1920 1080 985.10941759608704 960 540 -0.010864849052489437
156 SIMPLE_RADIAL 1920 1080 984.70070495556661 960 540 -0.010857288545041876
157 SIMPLE_RADIAL 1920 1080 983.96830451313542 960 540 -0.010220717154372314
158 SIMPLE_RADIAL 1920 1080 983.04959827292714 960 540 -0.010337188217464403
159 SIMPLE_RADIAL 1920 1080 982.05173724900601 960 540 -0.0096785150918179495
160 SIMPLE_RADIAL 1920 1080 981.48513985078341 960 540 -0.010347107213759425
161 SIMPLE_RADIAL 1920 1080 981.16714568301927 960 540 -0.010198448342045524
162 SIMPLE_RADIAL 1920 1080 980.73034003230191 960 540 -0.009988466844341435
163 SIMPLE_RADIAL 1920 1080 980.38042425805338 960 540 -0.010248920719478891
164 SIMPLE_RADIAL 1920 1080 979.76261913189308 960 540 -0.010150228927323156
165 SIMPLE_RADIAL 1920 1080 978.56488263367703 960 540 -0.0096817296059291784
166 SIMPLE_RADIAL 1920 1080 978.16007671238754 960 540 -0.010069134820214081
167 SIMPLE_RADIAL 1920 1080 977.44856852404666 960 540 -0.0096796077499605136
168 SIMPLE_RADIAL 1920 1080 976.32774524617707 960 540 -0.0088901730758219246
169 SIMPLE_RADIAL 1920 1080 975.54586385176572 960 540 -0.0090923356275906166
170 SIMPLE_RADIAL 1920 1080 974.92367123383667 960 540 -0.008884384174512738
171 SIMPLE_RADIAL 1920 1080 974.39035020561835 960 540 -0.0089938170272362578
172 SIMPLE_RADIAL 1920 1080 974.00171682811208 960 540 -0.0093656471206729451
173 SIMPLE_RADIAL 1920 1080 973.24109678787693 960 540 -0.0086480115761947089
