# Camera list with one line of data per camera:
#   CAMERA_ID, MODEL, WIDTH, HEIGHT, PARAMS[]
# Number of cameras: 344
1 SIMPLE_RADIAL 1920 1080 1000.9663080292163 960 540 -0.00061905617161039754
2 SIMPLE_RADIAL 1920 1080 1001.4855542805014 960 540 -0.00093774008908377882
3 SIMPLE_RADIAL 1920 1080 1001.5657617068341 960 540 -0.0015953618331153161
4 SIMPLE_RADIAL 1920 1080 1001.3576778499115 960 540 -0.0011726197197885967
5 SIMPLE_RADIAL 1920 1080 1000.9264059610168 960 540 -0.0012388298280517796
6 SIMPLE_RADIAL 1920 1080 1001.6034953232978 960 540 -0.0014585206666038045
7 SIMPLE_RADIAL 1920 1080 1001.2917443007755 960 540 -0.0017761089236143319
8 SIMPLE_RADIAL 1920 1080 1001.3655096453527 960 540 -0.0031249638109987288
9 SIMPLE_RADIAL 1920 1080 1002.1742431229586 960 540 -0.0032163242871114379
10 SIMPLE_RADIAL 1920 1080 1002.1746732245939 960 540 -0.0032417677146357616
11 SIMPLE_RADIAL 1920 1080 1002.3649765574349 960 540 -0.0034465797288503177
12 SIMPLE_RADIAL 1920 1080 1003.4811712305941 960 540 -0.003656341776181344
13 SIMPLE_RADIAL 1920 1080 1003.1925378281786 960 540 -0.0036521291129530706
14 SIMPLE_RADIAL 1920 1080 1003.767569915206 960 540 -0.0037095931122115714
15 SIMPLE_RADIAL 1920 1080 1003.3945933932202 960 540 -0.0035491105560320362
16 SIMPLE_RADIAL 1920 1080 1003.6485735978873 960 540 -0.0031168223673916375
17 SIMPLE_RADIAL 1920 1080 1003.8954861758062 960 540 -0.0022872969729213636
18 SIMPLE_RADIAL 1920 1080 1004.0996246740322 960 540 -0.003058292916878297
19 SIMPLE_RADIAL 1920 1080 1003.8694969809707 960 540 -0.0021296217039466483
20 SIMPLE_RADIAL 1920 1080 1004.0950271086591 960 540 -0.0026528294495579124
21 SIMPLE_RADIAL 1920 1080 1004.1609840863895 960 540 -0.003035489628072163
22 SIMPLE_RADIAL 1920 1080 1004.0386735521837 960 540 -0.0020344749974304439
23 SIMPLE_RADIAL 1920 1080 1004.2851289653861 960 540 -0.0018879332908987912
24 SIMPLE_RADIAL 1920 1080 1004.6118129744244 960 540 -0.0029893389277921489
25 SIMPLE_RADIAL 1920 1080 1004.5261492282333 960 540 -0.0021334960955783602
26 SIMPLE_RADIAL 1920 1080 1004.9382417222857 960 540 -0.0011644289605105252
27 SIMPLE_RADIAL 1920 1080 1004.571197859485 960 540 -0.00013267783736434186
28 SIMPLE_RADIAL 1920 1080 1004.6608893573746 960 540 -0.00075087304939941543
29 SIMPLE_RADIAL 1920 1080 1004.0793346439046 960 540 -0.00067121531393720508
30 SIMPLE_RADIAL 1920 1080 1004.1890000618603 960 540 -0.00055169864405015749
31 SIMPLE_RADIAL 1920 1080 1004.484932506194 960 540 -0.00088076272417592831
32 SIMPLE_RADIAL 1920 1080 1005.037666407376 960 540 -0.0014648579011865986
33 SIMPLE_RADIAL 1920 1080 1004.8803042063115 960 540 -0.0011175138710894403
34 SIMPLE_RADIAL 1920 1080 1004.4549234722468 960 540 -0.00094873276447690299
35 SIMPLE_RADIAL 1920 1080 1004.3930126310249 960 540 -0.00094381132456803068
36 SIMPLE_RADIAL 1920 1080 1004.499959382066 960 540 -0.0006969814509662079
37 SIMPLE_RADIAL 1920 1080 1004.444578309843 960 540 -0.00029599312224386725
38 SIMPLE_RADIAL 1920 1080 1004.6436920509855 960 540 -0.00074066816625288363
39 SIMPLE_RADIAL 1920 1080 1004.4210973128027 960 540 -0.00058941551111776176
40 SIMPLE_RADIAL 1920 1080 1004.5991399322926 960 540 -0.001444593670405733
41 SIMPLE_RADIAL 1920 1080 1004.3232665722252 960 540 -0.00060103018691290086
42 SIMPLE_RADIAL 1920 1080 1005.2305570596344 960 540 -0.0014778714687371185
43 SIMPLE_RADIAL 1920 1080 1005.3504799583568 960 540 -0.0013118690139284198
44 SIMPLE_RADIAL 1920 1080 1005.1780835755072 960 540 -0.001079750430317612
45 SIMPLE_RADIAL 1920 1080 1005.1576938172977 960 540 -0.0011758787969027289
46 SIMPLE_RADIAL 1920 1080 1005.5438859091233 960 540 -0.0018508946567260512
47 SIMPLE_RADIAL 1920 1080 1005.0185253530258 960 540 -0.001353895607597559
48 SIMPLE_RADIAL 1920 1080 1004.8718882625718 960 540 -0.0014158664420865104
49 SIMPLE_RADIAL 1920 1080 1004.7590974880795 960 540 -0.00160477504585879
50 SIMPLE_RADIAL 1920 1080 1004.8462839999941 960 540 -0.0012080252540079355
51 SIMPLE_RADIAL 1920 1080 1004.8355742122995 960 540 -0.00095515003412756198
52 SIMPLE_RADIAL 1920 1080 1005.0656944777567 960 540 -0.0013955909402999578
53 SIMPLE_RADIAL 1920 1080 1004.8438968058415 960 540 -0.0014988591483296684
54 SIMPLE_RADIAL 1920 1080 1004.7527897960666 960 540 -0.0015401571786077958
55 SIMPLE_RADIAL 1920 1080 1005.1564251549906 960 540 -0.0018999770192982977
56 SIMPLE_RADIAL 1920 1080 1005.0321288024845 960 540 -0.0019914666683989277
57 SIMPLE_RADIAL 1920 1080 1004.8541001521063 960 540 -0.0017203413972792471
58 SIMPLE_RADIAL 1920 1080 1005.0160946831536 960 540 -0.0023452987880829938
59 SIMPLE_RADIAL 1920 1080 1005.0469861600257 960 540 -0.0025397366688986191
60 SIMPLE_RADIAL 1920 1080 1005.0267980643066 960 540 -0.002539063617754086
61 SIMPLE_RADIAL 1920 1080 1005.0013039277555 960 540 -0.0021117034192128679
62 SIMPLE_RADIAL 1920 1080 1004.5614288524289 960 540 -0.0017911663273628316
63 SIMPLE_RADIAL 1920 1080 1004.9742722910573 960 540 -0.0023690945896495817
64 SIMPLE_RADIAL 1920 1080 1005.3128988260637 960 540 -0.0025891037384595454
65 SIMPLE_RADIAL 1920 1080 1005.3047171321685 960 540 -0.0024299187167908564
66 SIMPLE_RADIAL 1920 1080 1005.3273373681303 960 540 -0.0025019559000461554
67 SIMPLE_RADIAL 1920 1080 1005.2959963746241 960 540 -0.0024042895979124461
68 SIMPLE_RADIAL 1920 1080 1005.066928204914 960 540 -0.0018056014310690763
69 SIMPLE_RADIAL 1920 1080 1005.2330924308126 960 540 -0.0019224194322349573
70 SIMPLE_RADIAL 1920 1080 1005.106187638912 960 540 -0.0013431185127048102
71 SIMPLE_RADIAL 1920 1080 1005.2379668073432 960 540 -0.0012722295022896118
72 SIMPLE_RADIAL 1920 1080 1005.5688159745507 960 540 -0.001330577017969022
73 SIMPLE_RADIAL 1920 1080 1005.4913672722789 960 540 -0.00095595417090667809
74 SIMPLE_RADIAL 1920 1080 1005.4307418778385 960 540 -0.00059614348424498476
75 SIMPLE_RADIAL 1920 1080 1005.4578294719627 960 540 -0.00053456701520869412
76 SIMPLE_RADIAL 1920 1080 1005.7350797771733 960 540 -0.00056959933827168806
77 SIMPLE_RADIAL 1920 1080 1005.899922610081 960 540 -0.00074610563763947925
78 SIMPLE_RADIAL 1920 1080 1006.0665808923114 960 540 -0.00080476006476403188
79 SIMPLE_RADIAL 1920 1080 1005.9206796673641 960 540 -0.00058601864441388911
80 SIMPLE_RADIAL 1920 1080 1006.3068589895735 960 540 -0.0013599427101253236
81 SIMPLE_RADIAL 1920 1080 1006.2873639183463 960 540 -0.0012184198845118963
82 SIMPLE_RADIAL 1920 1080 1006.2953050132505 960 540 -0.00095646590654608493
83 SIMPLE_RADIAL 1920 1080 1006.3135272941586 960 540 -0.00084796540856816205
84 SIMPLE_RADIAL 1920 1080 1006.5508401130286 960 540 -0.0007880638318595671
85 SIMPLE_RADIAL 1920 1080 1006.7857016903894 960 540 -0.00091076907943635481
86 SIMPLE_RADIAL 1920 1080 1006.7020792568168 960 540 -0.00058819726492747595
87 SIMPLE_RADIAL 1920 1080 1006.7853967262791 960 540 -0.00083953857432947268
88 SIMPLE_RADIAL 1920 1080 1006.7474877186962 960 540 -0.00080490366395218234
89 SIMPLE_RADIAL 1920 1080 1006.9557909012649 960 540 -0.00078763613918367075
90 SIMPLE_RADIAL 1920 1080 1006.9485338769686 960 540 -0.00074189013957087107
91 SIMPLE_RADIAL 1920 1080 1007.1962309345433 960 540 -0.00048703854394141602
92 SIMPLE_RADIAL 1920 1080 1007.5142188070247 960 540 -0.00081729560696698178
93 SIMPLE_RADIAL 1920 1080 1007.3702611257057 960 540 -0.00050299170912117622
94 SIMPLE_RADIAL 1920 1080 1007.6497135317519 960 540 -0.00096765705876174278
95 SIMPLE_RADIAL 1920 1080 1007.5123945289192 960 540 -0.00073998170482139701
96 SIMPLE_RADIAL 1920 1080 1007.4190526527844 960 540 -0.00086802353012225175
97 SIMPLE_RADIAL 1920 1080 1007.6454980840363 960 540 -0.0013678962971932483
98 SIMPLE_RADIAL 1920 1080 1007.7131412510104 960 540 -0.0012339873837615464
99 SIMPLE_RADIAL 1920 1080 1007.9023005998212 960 540 -0.0012923624576024848
100 SIMPLE_RADIAL 1920 1080 1007.8290657504522 960 540 -0.0010629950356465562
101 SIMPLE_RADIAL 1920 1080 1008.1669836718919 960 540 -0.0022887195149588007
102 SIMPLE_RADIAL 1920 1080 1007.7385946218114 960 540 -0.0017202851049300826
103 SIMPLE_RADIAL 1920 1080 1007.9699962090368 960 540 -0.0018725058682265321
104 SIMPLE_RADIAL 1920 1080 1007.9470617089449 960 540 -0.00088065896768468876
105 SIMPLE_RADIAL 1920 1080 1007.6755496177688 960 540 -0.0013044674962086166
106 SIMPLE_RADIAL 1920 1080 1007.4196993162268 960 540 -0.0013548853331326756
107 SIMPLE_RADIAL 1920 1080 1007.191756418855 960 540 0.00014364437983247695
108 SIMPLE_RADIAL 1920 1080 1006.9986915913673 960 540 0.00024083981201583439
109 SIMPLE_RADIAL 1920 1080 1006.7179611628641 960 540 -0.0001040873244257025
110 SIMPLE_RADIAL 1920 1080 1006.9008143708812 960 540 -0.00028830830072487743
111 SIMPLE_RADIAL 1920 1080 1006.9806220562584 960 540 2.5069796244499619e-05
112 SIMPLE_RADIAL 1920 1080 1006.6433078432441 960 540 6.07802089810748e-05
113 SIMPLE_RADIAL 1920 1080 1006.997853709169 960 540 -0.00031492321019755434
114 SIMPLE_RADIAL 1920 1080 1006.9559527107201 960 540 0.00020081385788093414
115 SIMPLE_RADIAL 1920 1080 1007.097034199337 960 540 0.0001400853743214964
116 SIMPLE_RADIAL 1920 1080 1006.8416523296873 960 540 0.00061011737403752196
117 SIMPLE_RADIAL 1920 1080 1007.1693843114205 960 540 9.8114627989767395e-05
118 SIMPLE_RADIAL 1920 1080 1007.0637047769746 960 540 0.00035923262049726606
119 SIMPLE_RADIAL 1920 1080 1007.7578111755078 960 540 3.3434911054861108e-05
120 SIMPLE_RADIAL 1920 1080 1007.2027731698925 960 540 0.00041616438648347034
121 SIMPLE_RADIAL 1920 1080 1006.9758040979184 960 540 0.00054067913378167808
122 SIMPLE_RADIAL 1920 1080 1007.7690487022101 960 540 1.9644362431918512e-05
123 SIMPLE_RADIAL 1920 1080 1007.8004794228776 960 540 -0.0001634259199556527
124 SIMPLE_RADIAL 1920 1080 1008.1921126268198 960 540 -0.0012250359130570019
125 SIMPLE_RADIAL 1920 1080 1008.4655346357731 960 540 -0.00062731438652858596
126 SIMPLE_RADIAL 1920 1080 1008.5070125749654 960 540 -0.00072730760904463954
127 SIMPLE_RADIAL 1920 1080 1007.972671795607 960 540 -0.00050839024491216374
128 SIMPLE_RADIAL 1920 1080 1008.1358263446289 960 540 -0.00097852000871225735
129 SIMPLE_RADIAL 1920 1080 1007.9447310334414 960 540 -0.0014293355751226501
130 SIMPLE_RADIAL 1920 1080 1007.4641161489591 960 540 -0.00029158436131616644
131 SIMPLE_RADIAL 1920 1080 1007.6047290399199 960 540 -0.00052495482804119952
132 SIMPLE_RADIAL 1920 1080 1007.5148511659874 960 540 -0.00031251629146197705
133 SIMPLE_RADIAL 1920 1080 1007.2260675556003 960 540 -1.2980259190534411e-05
134 SIMPLE_RADIAL 1920 1080 1007.1036186403343 960 540 -0.00033215882911078631
135 SIMPLE_RADIAL 1920 1080 1006.8768704087094 960 540 -9.0827048487145983e-05
136 SIMPLE_RADIAL 1920 1080 1006.7947524612556 960 540 -1.9661955742256218e-05
137 SIMPLE_RADIAL 1920 1080 1006.9121927102229 960 540 -0.0006023444826450822
138 SIMPLE_RADIAL 1920 1080 1006.6673601495046 960 540 9.5061508043285501e-06
139 SIMPLE_RADIAL 1920 1080 1006.746456413155 960 540 0.00010043626901997992
140 SIMPLE_RADIAL 1920 1080 1006.6976479839755 960 540 0.00040151085154976034
141 SIMPLE_RADIAL 1920 1080 1006.6311037951975 960 540 0.0006826065128940007
142 SIMPLE_RADIAL 1920 1080 1006.6361609230054 960 540 0.00096816717646051387
143 SIMPLE_RADIAL 1920 1080 1007.1193382041484 960 540 0.00066620826727184545
144 SIMPLE_RADIAL 1920 1080 1007.0251065882659 960 540 0.00062130756009692422
145 SIMPLE_RADIAL 1920 1080 1006.5227541389337 960 540 0.0012429205963231625
146 SIMPLE_RADIAL 1920 1080 1007.0655010672468 960 540 0.00034603333844525596
147 SIMPLE_RADIAL 1920 1080 1007.3094040078156 960 540 0.0001116745244453116
148 SIMPLE_RADIAL 1920 1080 1007.5769644558857 960 540 -0.00028165397216176833
149 SIMPLE_RADIAL 1920 1080 1007.635738833026 960 540 -0.00014046482167414344
150 SIMPLE_RADIAL 1920 1080 1008.0936001273652 960 540 -0.00095136258588192986
151 SIMPLE_RADIAL 1920 1080 1007.8563544390679 960 540 -0.001273038655951171
152 SIMPLE_RADIAL 1920 1080 1007.7788315635628 960 540 -0.0010275860450362757
153 SIMPLE_RADIAL 1920 1080 1007.7933338734076 960 540 -0.00092292613737790866
154 SIMPLE_RADIAL 1920 1080 1007.3666035676387 960 540 -0.0014919125206377211
155 SIMPLE_RADIAL 1920 1080 1007.3601203979157 960 540 -0.0010767066055179769
156 SIMPLE_RADIAL 1920 1080 1007.3931888719519 960 540 -0.0012513028699594276
157 SIMPLE_RADIAL 1920 1080 1007.3046452458686 960 540 -0.0015726907827249669
158 SIMPLE_RADIAL 1920 1080 1007.1812584583359 960 540 -0.001517984438398734
159 SIMPLE_RADIAL 1920 1080 1007.5660035578288 960 540 -0.0020343433167149551
160 SIMPLE_RADIAL 1920 1080 1007.3846560459831 960 540 -0.0016987740724845359
161 SIMPLE_RADIAL 1920 1080 1007.620460089752 960 540 -0.0016632677115889294
162 SIMPLE_RADIAL 1920 1080 1007.3740170984645 960 540 -0.001126721257901759
163 SIMPLE_RADIAL 1920 1080 1007.9921204574059 960 540 -0.0013108065718839611
164 SIMPLE_RADIAL 1920 1080 1008.3133547832501 960 540 -0.0013765663004053309
165 SIMPLE_RADIAL 1920 1080 1008.6592090433603 960 540 -0.001161738189683473
166 SIMPLE_RADIAL 1920 1080 1008.806963868127 960 540 -0.0011565574661676643
167 SIMPLE_RADIAL 1920 1080 1008.5167716607129 960 540 -0.0012860680801607531
168 SIMPLE_RADIAL 1920 1080 1008.3824080581885 960 540 -0.0016963411619447398
169 SIMPLE_RADIAL 1920 1080 1007.9754413560919 960 540 -0.0010774447225504278
170 SIMPLE_RADIAL 1920 1080 1007.7075265147657 960 540 -0.00055275849867106536
171 SIMPLE_RADIAL 1920 1080 1008.083755559002 960 540 -0.00099487586272885569
172 SIMPLE_RADIAL 1920 1080 1007.1865500307759 960 540 -9.9385084937907183e-05
173 SIMPLE_RADIAL 1920 1080 1008.2157475969678 960 540 -0.00084642151055652369
174 SIMPLE_RADIAL 1920 1080 1007.6162926507876 960 540 -7.4142495692048005e-06
175 SIMPLE_RADIAL 1920 1080 1008.1012208269061 960 540 -0.0003438324902267338
176 SIMPLE_RADIAL 1920 1080 1007.6437606002589 960 540 -0.0011769054857281482
177 SIMPLE_RADIAL 1920 1080 1007.8450682720378 960 540 -0.00096348784087982406
178 SIMPLE_RADIAL 1920 1080 1008.0709589842783 960 540 -0.0008456217913028162
179 SIMPLE_RADIAL 1920 1080 1008.1269429076 960 540 -0.0014295453433188121
180 SIMPLE_RADIAL 1920 1080 1007.8296993142364 960 540 -0.00075371842510095456
181 SIMPLE_RADIAL 1920 1080 1007.9034058507009 960 540 -0.00077916188069955116
182 SIMPLE_RADIAL 1920 1080 1008.5986838830844 960 540 -0.0019246532032179866
183 SIMPLE_RADIAL 1920 1080 1008.2931217452664 960 540 -0.0021217329032765121
184 SIMPLE_RADIAL 1920 1080 1008.2149268387525 960 540 -0.0016783914137230294
185 SIMPLE_RADIAL 1920 1080 1008.4776615705716 960 540 -0.0018784404402431346
186 SIMPLE_RADIAL 1920 1080 1008.0773372777628 960 540 -0.0014502445706714936
187 SIMPLE_RADIAL 1920 1080 1007.7457695442498 960 540 -0.0010314039991536339
188 SIMPLE_RADIAL 1920 1080 1007.8520341889317 960 540 -0.00077442836791468198
189 SIMPLE_RADIAL 1920 1080 1007.800373076515 960 540 -0.0011517597619189125
190 SIMPLE_RADIAL 1920 1080 1007.6549429693486 960 540 -0.00097625066716659488
191 SIMPLE_RADIAL 1920 1080 1007.4054292765469 960 540 -0.00064157197974266174
192 SIMPLE_RADIAL 1920 1080 1007.2738399334695 960 540 9.4623281164248488e-06
193 SIMPLE_RADIAL 1920 1080 1007.439667998692 960 540 1.7473505017710573e-05
194 SIMPLE_RADIAL 1920 1080 1007.2280702103403 960 540 0.00010658812223062012
195 SIMPLE_RADIAL 1920 1080 1007.4386018606442 960 540 -0.00038963157880357054
196 SIMPLE_RADIAL 1920 1080 1007.5771098911075 960 540 -0.000618026816879686
197 SIMPLE_RADIAL 1920 1080 1007.2438775621747 960 540 -0.00020620523281076789
198 SIMPLE_RADIAL 1920 1080 1007.4154831062209 960 540 -0.00047939513720926736
199 SIMPLE_RADIAL 1920 1080 1008.0521648292713 960 540 -0.0010412193418524104
200 SIMPLE_RADIAL 1920 1080 1007.6425649457636 960 540 -0.0011028091314786773
201 SIMPLE_RADIAL 1920 1080 1007.4404145175438 960 540 -0.00078749919379512859
202 SIMPLE_RADIAL 1920 1080 1006.8401118652828 960 540 -0.00054470980985196998
203 SIMPLE_RADIAL 1920 1080 1006.770622500665 960 540 -0.00048496237936221191
204 SIMPLE_RADIAL 1920 1080 1006.945580606643 960 540 -0.00059176021123737968
205 SIMPLE_RADIAL 1920 1080 1006.7490789197698 960 540 -0.00047790325798425707
206 SIMPLE_RADIAL 1920 1080 1006.6455386435282 960 540 -0.00025311448632816597
207 SIMPLE_RADIAL 1920 1080 1006.5095537169938 960 540 9.3318831045644088e-05
208 SIMPLE_RADIAL 1920 1080 1006.7054142070032 960 540 -5.8289644371668054e-05
209 SIMPLE_RADIAL 1920 1080 1006.5889407885707 960 540 -0.00018026189149398896
210 SIMPLE_RADIAL 1920 1080 1006.766133830953 960 540 -0.00031188636852501193
211 SIMPLE_RADIAL 1920 1080 1006.9587068742161 960 540 -0.00083140930042040889
212 SIMPLE_RADIAL 1920 1080 1006.6199861594953 960 540 -0.00025134625902876854
213 SIMPLE_RADIAL 1920 1080 1006.698976713101 960 540 6.6052397258644095e-05
214 SIMPLE_RADIAL 1920 1080 1006.5003375398063 960 540 0.00022882859815789424
215 SIMPLE_RADIAL 1920 1080 1006.5511355272798 960 540 0.00040025550275806871
216 SIMPLE_RADIAL 1920 1080 1006.4646563366697 960 540 0.00049523829230465526
217 SIMPLE_RADIAL 1920 1080 1006.8607073213554 960 540 0.00054917907267420542
218 SIMPLE_RADIAL 1920 1080 1006.4117542218271 960 540 0.0012390454278690261
219 SIMPLE_RADIAL 1920 1080 1006.7360226246591 960 540 0.0013754852060436839
220 SIMPLE_RADIAL 1920 1080 1006.7439734776331 960 540 0.0015939923562933035
221 SIMPLE_RADIAL 1920 1080 1006.6404878379165 960 540 0.0012811119674175568
222 SIMPLE_RADIAL 1920 1080 1006.0699207101424 960 540 0.0019092572288043229
223 SIMPLE_RADIAL 1920 1080 1006.2749831417486 960 540 0.0015017646434573025
224 SIMPLE_RADIAL 1920 1080 1005.8877255375903 960 540 0.0017420345762185587
225 SIMPLE_RADIAL 1920 1080 1005.6774613844566 960 540 0.0018492646284503844
226 SIMPLE_RADIAL 1920 1080 1005.5530668968441 960 540 0.0027370227073909288
227 SIMPLE_RADIAL 1920 1080 1005.7846714937123 960 540 0.0029147305612917886
228 SIMPLE_RADIAL 1920 1080 1004.9940477351234 960 540 0.0028945064116802843
229 SIMPLE_RADIAL 1920 1080 1005.4720705620462 960 540 0.0031016105706037334
230 SIMPLE_RADIAL 1920 1080 1005.3939974234129 960 540 0.0031710379199026196
231 SIMPLE_RADIAL 1920 1080 1005.4440747929567 960 540 0.0030310223262245179
232 SIMPLE_RADIAL 1920 1080 1005.3349536397047 960 540 0.0033401611182804409
233 SIMPLE_RADIAL 1920 1080 1005.2282667191301 960 540 0.0030684109018887604
234 SIMPLE_RADIAL 1920 1080 1004.9034208983036 960 540 0.0031999553553096831
235 SIMPLE_RADIAL 1920 1080 1005.0754926210006 960 540 0.0038205117969424556
236 SIMPLE_RADIAL 1920 1080 1005.6772408094462 960 540 0.0035307454000982194
237 SIMPLE_RADIAL 1920 1080 1006.6681557805164 960 540 0.0036663981056203197
238 SIMPLE_RADIAL 1920 1080 1006.5827343414365 960 540 0.0027851250164591919
239 SIMPLE_RADIAL 1920 1080 1006.3824457385863 960 540 0.0026669123966717436
240 SIMPLE_RADIAL 1920 1080 1006.5299048820207 960 540 0.0022793624421948194
241 SIMPLE_RADIAL 1920 1080 1005.5905063841188 960 540 0.0040956211067935669
242 SIMPLE_RADIAL 1920 1080 1006.1047357900294 960 540 0.0023157410912819846
243 SIMPLE_RADIAL 1920 1080 1006.2003764539645 960 540 0.0028760272524101529
244 SIMPLE_RADIAL 1920 1080 1006.060291958363 960 540 0.0032336431981407647
245 SIMPLE_RADIAL 1920 1080 1006.165642477278 960 540 0.0030256546414130507
246 SIMPLE_RADIAL 1920 1080 1006.4575498211531 960 540 0.0025105853705846945
247 SIMPLE_RADIAL 1920 1080 1006.3413938725995 960 540 0.0029972202449443804
248 SIMPLE_RADIAL 1920 1080 1006.9551615522405 960 540 0.0022795535475554217
249 SIMPLE_RADIAL 1920 1080 1007.2342491899327 960 540 0.0019906440618055817
250 SIMPLE_RADIAL 1920 1080 1007.9107969983964 960 540 0.0021796029940508973
251 SIMPLE_RADIAL 1920 1080 1007.6808292256418 960 540 0.0036681563635580744
252 SIMPLE_RADIAL 1920 1080 1007.9410705381594 960 540 0.002943984871788883
253 SIMPLE_RADIAL 1920 1080 1007.2684604505583 960 540 0.002757265242345739
254 SIMPLE_RADIAL 1920 1080 1007.0192742629763 960 540 0.0028322701952403209
255 SIMPLE_RADIAL 1920 1080 1007.3548544840327 960 540 0.0022966973099317069
256 SIMPLE_RADIAL 1920 1080 1007.8067588453674 960 540 0.0020749979883656709
257 SIMPLE_RADIAL 1920 1080 1008.0396455458826 960 540 0.002856080194178654
258 SIMPLE_RADIAL 1920 1080 1007.9525668605884 960 540 0.0017284027987545477
259 SIMPLE_RADIAL 1920 1080 1008.3718166771732 960 540 0.0019314090393000749
260 SIMPLE_RADIAL 1920 1080 1008.129773116463 960 540 0.0024364303070441768
261 SIMPLE_RADIAL 1920 1080 1008.2649657593618 960 540 0.002480987853289535
262 SIMPLE_RADIAL 1920 1080 1007.8578703775167 960 540 0.0029816775146484144
263 SIMPLE_RADIAL 1920 1080 1008.1133326863072 960 540 0.0023026708636958251
264 SIMPLE_RADIAL 1920 1080 1008.459651646756 960 540 0.0021959548976488133
265 SIMPLE_RADIAL 1920 1080 1008.5947173465057 960 540 0.0027174456155796786
266 SIMPLE_RADIAL 1920 1080 1008.644737392921 960 540 0.0025412897652704776
267 SIMPLE_RADIAL 1920 1080 1008.4781802291918 960 540 0.0024393170578045349
268 SIMPLE_RADIAL 1920 1080 1008.0816419343793 960 540 0.0032216473853713553
269 SIMPLE_RADIAL 1920 1080 1008.5794698757649 960 540 0.0026706888972542076
270 SIMPLE_RADIAL 1920 1080 1009.2386168850943 960 540 0.0024575572404371671
271 SIMPLE_RADIAL 1920 1080 1009.2655089790517 960 540 0.0026028069856029678
272 SIMPLE_RADIAL 1920 1080 1010.1805251719151 960 540 0.0022471814596588405
273 SIMPLE_RADIAL 1920 1080 1010.3748294480297 960 540 0.002345557079156001
274 SIMPLE_RADIAL 1920 1080 1010.4772137735195 960 540 0.0025062574482912535
275 SIMPLE_RADIAL 1920 1080 1009.8957826800627 960 540 0.0026350149474097463
276 SIMPLE_RADIAL 1920 1080 1009.5536611418491 960 540 0.0029015867795361642
277 SIMPLE_RADIAL 1920 1080 1009.2778552690802 960 540 0.0030104335041364672
278 SIMPLE_RADIAL 1920 1080 1008.7909468773302 960 540 0.0030444522723880141
279 SIMPLE_RADIAL 1920 1080 1008.2965857129042 960 540 0.0033119791770248349
280 SIMPLE_RADIAL 1920 1080 1007.3337851192565 960 540 0.0048465540509205441
281 SIMPLE_RADIAL 1920 1080 1007.106948880535 960 540 0.0044403357836678981
282 SIMPLE_RADIAL 1920 1080 1006.7070936613851 960 540 0.0050533808978022281
283 SIMPLE_RADIAL 1920 1080 1007.0279111901193 960 540 0.0038784996083687851
284 SIMPLE_RADIAL 1920 1080 1007.2017350359364 960 540 0.0026581474949569687
285 SIMPLE_RADIAL 1920 1080 1007.0548494998528 960 540 0.0032269034904278283
286 SIMPLE_RADIAL 1920 1080 1007.1323000337461 960 540 0.0025096724645344154
287 SIMPLE_RADIAL 1920 1080 1007.420201326825 960 540 0.0018065411675127229
288 SIMPLE_RADIAL 1920 1080 1007.5477400796476 960 540 0.0013701178445504299
289 SIMPLE_RADIAL 1920 1080 1008.12210945495 960 540 0.0010744788655923591
290 SIMPLE_RADIAL 1920 1080 1007.9205535851862 960 540 0.00063439127432072151
291 SIMPLE_RADIAL 1920 1080 1008.279839713377 960 540 9.9317918658286281e-05
292 SIMPLE_RADIAL 1920 1080 1008.5844005116364 960 540 -0.00084888005790873997
293 SIMPLE_RADIAL 1920 1080 1008.7286671043374 960 540 -0.001597194557215776
294 SIMPLE_RADIAL 1920 1080 1009.2435093041468 960 540 -0.0023760401193143725
295 SIMPLE_RADIAL 1920 1080 1009.4338652494607 960 540 -0.0029609427821061223
296 SIMPLE_RADIAL 1920 1080 1009.6969416466419 960 540 -0.002939706873470099
297 SIMPLE_RADIAL 1920 1080 1010.2030270011148 960 540 -0.0028301396876113274
298 SIMPLE_RADIAL 1920 1080 1010.9535331039075 960 540 -0.0049483244601909726
299 SIMPLE_RADIAL 1920 1080 1011.3047292755173 960 540 -0.005403310286385913
300 SIMPLE_RADIAL 1920 1080 1011.7335271466925 960 540 -0.0058197361334487276
301 SIMPLE_RADIAL 1920 1080 1012.445184934533 960 540 -0.007105615980226773
302 SIMPLE_RADIAL 1920 1080 1013.4716487325611 960 540 -0.0088186664415756313
303 SIMPLE_RADIAL 1920 1080 1013.4909289036369 960 540 -0.0097768055109162706
304 SIMPLE_RADIAL 1920 1080 1013.3370586118355 960 540 -0.0098434131343222969
305 SIMPLE_RADIAL 1920 1080 1013.2179736231977 960 540 -0.0096786325278272536
306 SIMPLE_RADIAL 1920 1080 1013.0319646550121 960 540 -0.009619132541474746
307 SIMPLE_RADIAL 1920 1080 1012.8937031137239 960 540 -0.0097816348413414557
308 SIMPLE_RADIAL 1920 1080 1012.6169610102625 960 540 -0.00943838546918053
309 SIMPLE_RADIAL 1920 1080 1012.5376017100112 960 540 -0.0091010642160957809
310 SIMPLE_RADIAL 1920 1080 1012.4127804413675 960 540 -0.0087634698654715636
311 SIMPLE_RADIAL 1920 1080 1012.2774848014787 960 540 -0.0087518063148634313
312 SIMPLE_RADIAL 1920 1080 1012.1061599200279 960 540 -0.0083588173824848573
313 SIMPLE_RADIAL 1920 1080 1011.7416884032468 960 540 -0.0082988916566898753
314 SIMPLE_RADIAL 1920 1080 1011.6066043624365 960 540 -0.0083494333585035028
315 SIMPLE_RADIAL 1920 1080 1010.7489855497586 960 540 -0.0072597234533233294
316 SIMPLE_RADIAL 1920 1080 1010.440351931389 960 540 -0.0070042611621218701
317 SIMPLE_RADIAL 1920 1080 1009.69330851038 960 540 -0.0062055190092147649
318 SIMPLE_RADIAL 1920 1080 1009.3743325915317 960 540 -0.0068858269676169981
319 SIMPLE_RADIAL 1920 1080 1008.697089986471 960 540 -0.0062061787943091433
320 SIMPLE_RADIAL 1920 1080 1007.9996925846096 960 540 -0.006203515455152497
321 SIMPLE_RADIAL 1920 1080 1007.5841928160872 960 540 -0.0057434346434797482
322 SIMPLE_RADIAL 1920 1080 1007.3326610772177 960 540 -0.0060012141897450508
323 SIMPLE_RADIAL 1920 1080 1007.1497457512148 960 540 -0.0055806561184496457
324 SIMPLE_RADIAL 1920 1080 1007.1546921433312 960 540 -0.0061303240470398446
325 SIMPLE_RADIAL 1920 1080 1006.5368882828315 960 540 -0.0062698056699693949
326 SIMPLE_RADIAL 1920 1080 1005.6309908569681 960 540 -0.005982966058980241
327 SIMPLE_RADIAL 1920 1080 1005.3002545498962 960 540 -0.0060997797676563079
328 SIMPLE_RADIAL 1920 1080 1004.6485270511441 960 540 -0.0055515673502732786
329 SIMPLE_RADIAL 1920 1080 1004.5660515880007 960 540 -0.0052357891050989376
330 SIMPLE_RADIAL 1920 1080 1004.5319628543033 960 540 -0.0055094779586341144
331 SIMPLE_RADIAL 1920 1080 1004.1343329955896 960 540 -0.0048647184821344535
332 SIMPLE_RADIAL 1920 1080 1003.5287474412482 960 540 -0.0043492925410738804
333 SIMPLE_RADIAL 1920 1080 1002.9239135191581 960 540 -0.0039118821731918309
334 SIMPLE_RADIAL 1920 1080 1002.659019963237 960 540 -0.0036085789809984898
335 SIMPLE_RADIAL 1920 1080 1002.2638944496405 960 540 -0.0030561922360713297
336 SIMPLE_RADIAL 1920 1080 1001.9896556195513 960 540 -0.003025443460469979
337 SIMPLE_RADIAL 1920 1080 1001.9148896195994 960 540 -0.0031225090830152599
338 SIMPLE_RADIAL 1920 1080 1001.7014569079431 960 540 -0.0034065743527887811
339 SIMPLE_RADIAL 1920 1080 1001.5689166618789 960 540 -0.0038480550500062248
340 SIMPLE_RADIAL 1920 1080 1001.90056713758 960 540 -0.0044835657017056312
341 SIMPLE_RADIAL 1920 1080 1002.1413201777171 960 540 -0.0050861287589877143
342 SIMPLE_RADIAL 1920 1080 1002.2743556763355 960 540 -0.0055797124033861627
343 SIMPLE_RADIAL 1920 1080 1002.5620035847928 960 540 -0.0054086454926106052
344 SIMPLE_RADIAL 1920 1080 1002.6603579243441 960 540 -0.0048048096568141102
